ID, TYPE, BRAM, DSP, FF, LUT, XI_KER_PROC, XI_PIX_PROC, XI_IBUFF_DEPTH, XI_OBUFF_DEPTH, XI_WEIGHTBUFF_DEPTH
IP1, Convolution, 362, 177, 1000, 1000, 8, 8, 1024, 1024, 1024
IP2, Convolution, 394, 331, 1000, 1000, 8, 16, 1024, 1024, 1024
IP3, Convolution, 458, 641, 1000, 1000, 8, 32, 1024, 1024, 1024
IP4, Convolution, 458, 305, 1000, 1000, 16, 8, 1024, 1024, 1024
IP5, Convolution, 490, 587, 1000, 1000, 16, 16, 1024, 1024, 1024
IP6, Convolution, 554, 1153, 1000, 1000, 16, 32, 1024, 1024, 1024
IP7, Convolution, 394, 177, 1000, 1000, 8, 8, 1024, 1024, 2048
IP8, Convolution, 426, 331, 1000, 1000, 8, 16, 1024, 1024, 2048
IP9, Convolution, 490, 641, 1000, 1000, 8, 32, 1024, 1024, 2048
IP10, Convolution, 522, 305, 1000, 1000, 16, 8, 1024, 1024, 2048
IP11, Convolution, 554, 587, 1000, 1000, 16, 16, 1024, 1024, 2048
IP12, Convolution, 618, 1153, 1000, 1000, 16, 32, 1024, 1024, 2048
IP13, Convolution, 490, 177, 1000, 1000, 8, 8, 1024, 2048, 1024
IP14, Convolution, 522, 331, 1000, 1000, 8, 16, 1024, 2048, 1024
IP15, Convolution, 586, 641, 1000, 1000, 8, 32, 1024, 2048, 1024
IP16, Convolution, 586, 305, 1000, 1000, 16, 8, 1024, 2048, 1024
IP17, Convolution, 618, 587, 1000, 1000, 16, 16, 1024, 2048, 1024
IP18, Convolution, 682, 1153, 1000, 1000, 16, 32, 1024, 2048, 1024
IP19, Convolution, 522, 177, 1000, 1000, 8, 8, 1024, 2048, 2048
IP20, Convolution, 554, 331, 1000, 1000, 8, 16, 1024, 2048, 2048
IP21, Convolution, 618, 641, 1000, 1000, 8, 32, 1024, 2048, 2048
IP22, Convolution, 650, 305, 1000, 1000, 16, 8, 1024, 2048, 2048
IP23, Convolution, 682, 587, 1000, 1000, 16, 16, 1024, 2048, 2048
IP24, Convolution, 746, 1153, 1000, 1000, 16, 32, 1024, 2048, 2048
IP25, Convolution, 426, 177, 1000, 1000, 8, 8, 2048, 1024, 1024
IP26, Convolution, 458, 331, 1000, 1000, 8, 16, 2048, 1024, 1024
IP27, Convolution, 522, 641, 1000, 1000, 8, 32, 2048, 1024, 1024
IP28, Convolution, 522, 305, 1000, 1000, 16, 8, 2048, 1024, 1024
IP29, Convolution, 554, 587, 1000, 1000, 16, 16, 2048, 1024, 1024
IP30, Convolution, 618, 1153, 1000, 1000, 16, 32, 2048, 1024, 1024
IP31, Convolution, 458, 177, 1000, 1000, 8, 8, 2048, 1024, 2048
IP32, Convolution, 490, 331, 1000, 1000, 8, 16, 2048, 1024, 2048
IP33, Convolution, 554, 641, 1000, 1000, 8, 32, 2048, 1024, 2048
IP34, Convolution, 586, 305, 1000, 1000, 16, 8, 2048, 1024, 2048
IP35, Convolution, 618, 587, 1000, 1000, 16, 16, 2048, 1024, 2048
IP36, Convolution, 682, 1153, 1000, 1000, 16, 32, 2048, 1024, 2048
IP37, Convolution, 554, 177, 1000, 1000, 8, 8, 2048, 2048, 1024
IP38, Convolution, 586, 331, 1000, 1000, 8, 16, 2048, 2048, 1024
IP39, Convolution, 650, 641, 1000, 1000, 8, 32, 2048, 2048, 1024
IP40, Convolution, 650, 305, 1000, 1000, 16, 8, 2048, 2048, 1024
IP41, Convolution, 682, 587, 1000, 1000, 16, 16, 2048, 2048, 1024
IP42, Convolution, 746, 1153, 1000, 1000, 16, 32, 2048, 2048, 1024
IP43, Convolution, 586, 177, 1000, 1000, 8, 8, 2048, 2048, 2048
IP44, Convolution, 618, 331, 1000, 1000, 8, 16, 2048, 2048, 2048
IP45, Convolution, 682, 641, 1000, 1000, 8, 32, 2048, 2048, 2048
IP46, Convolution, 714, 305, 1000, 1000, 16, 8, 2048, 2048, 2048
IP47, Convolution, 746, 587, 1000, 1000, 16, 16, 2048, 2048, 2048
IP48, Convolution, 810, 1153, 1000, 1000, 16, 32, 2048, 2048, 2048
IP49, Convolution, 554, 177, 1000, 1000, 8, 8, 4096, 1024, 1024
IP50, Convolution, 586, 331, 1000, 1000, 8, 16, 4096, 1024, 1024
IP51, Convolution, 650, 641, 1000, 1000, 8, 32, 4096, 1024, 1024
IP52, Convolution, 650, 305, 1000, 1000, 16, 8, 4096, 1024, 1024
IP53, Convolution, 682, 587, 1000, 1000, 16, 16, 4096, 1024, 1024
IP54, Convolution, 746, 1153, 1000, 1000, 16, 32, 4096, 1024, 1024
IP55, Convolution, 586, 177, 1000, 1000, 8, 8, 4096, 1024, 2048
IP56, Convolution, 618, 331, 1000, 1000, 8, 16, 4096, 1024, 2048
IP57, Convolution, 682, 641, 1000, 1000, 8, 32, 4096, 1024, 2048
IP58, Convolution, 714, 305, 1000, 1000, 16, 8, 4096, 1024, 2048
IP59, Convolution, 746, 587, 1000, 1000, 16, 16, 4096, 1024, 2048
IP60, Convolution, 810, 1153, 1000, 1000, 16, 32, 4096, 1024, 2048
IP61, Convolution, 682, 177, 1000, 1000, 8, 8, 4096, 2048, 1024
IP62, Convolution, 714, 331, 1000, 1000, 8, 16, 4096, 2048, 1024
IP63, Convolution, 778, 641, 1000, 1000, 8, 32, 4096, 2048, 1024
IP64, Convolution, 778, 305, 1000, 1000, 16, 8, 4096, 2048, 1024
IP65, Convolution, 810, 587, 1000, 1000, 16, 16, 4096, 2048, 1024
IP66, Convolution, 874, 1153, 1000, 1000, 16, 32, 4096, 2048, 1024
IP67, Convolution, 714, 177, 1000, 1000, 8, 8, 4096, 2048, 2048
IP68, Convolution, 746, 331, 1000, 1000, 8, 16, 4096, 2048, 2048
IP69, Convolution, 810, 641, 1000, 1000, 8, 32, 4096, 2048, 2048
IP70, Convolution, 842, 305, 1000, 1000, 16, 8, 4096, 2048, 2048
IP71, Convolution, 874, 587, 1000, 1000, 16, 16, 4096, 2048, 2048
IP72, Convolution, 938, 1153, 1000, 1000, 16, 32, 4096, 2048, 2048
IP73, Convolution, 810, 177, 1000, 1000, 8, 8, 8192, 1024, 1024
IP74, Convolution, 842, 331, 1000, 1000, 8, 16, 8192, 1024, 1024
IP75, Convolution, 906, 641, 1000, 1000, 8, 32, 8192, 1024, 1024
IP76, Convolution, 906, 305, 1000, 1000, 16, 8, 8192, 1024, 1024
IP77, Convolution, 938, 587, 1000, 1000, 16, 16, 8192, 1024, 1024
IP78, Convolution, 1002, 1153, 1000, 1000, 16, 32, 8192, 1024, 1024
IP79, Convolution, 842, 177, 1000, 1000, 8, 8, 8192, 1024, 2048
IP80, Convolution, 874, 331, 1000, 1000, 8, 16, 8192, 1024, 2048
IP81, Convolution, 938, 641, 1000, 1000, 8, 32, 8192, 1024, 2048
IP82, Convolution, 970, 305, 1000, 1000, 16, 8, 8192, 1024, 2048
IP83, Convolution, 1002, 587, 1000, 1000, 16, 16, 8192, 1024, 2048
IP84, Convolution, 1066, 1153, 1000, 1000, 16, 32, 8192, 1024, 2048
IP85, Convolution, 938, 177, 1000, 1000, 8, 8, 8192, 2048, 1024
IP86, Convolution, 970, 331, 1000, 1000, 8, 16, 8192, 2048, 1024
IP87, Convolution, 1034, 641, 1000, 1000, 8, 32, 8192, 2048, 1024
IP88, Convolution, 1034, 305, 1000, 1000, 16, 8, 8192, 2048, 1024
IP89, Convolution, 1066, 587, 1000, 1000, 16, 16, 8192, 2048, 1024
IP90, Convolution, 1130, 1153, 1000, 1000, 16, 32, 8192, 2048, 1024
IP91, Convolution, 970, 177, 1000, 1000, 8, 8, 8192, 2048, 2048
IP92, Convolution, 1002, 331, 1000, 1000, 8, 16, 8192, 2048, 2048
IP93, Convolution, 1066, 641, 1000, 1000, 8, 32, 8192, 2048, 2048
IP94, Convolution, 1098, 305, 1000, 1000, 16, 8, 8192, 2048, 2048
IP95, Convolution, 1130, 587, 1000, 1000, 16, 16, 8192, 2048, 2048
IP96, Convolution, 1194, 1153, 1000, 1000, 16, 32, 8192, 2048, 2048
IP97, Convolution_g, 724, 354, 2000, 2000, 8, 8, 1024, 1024, 1024
IP98, Convolution_g, 788, 662, 2000, 2000, 8, 16, 1024, 1024, 1024
IP99, Convolution_g, 916, 1282, 2000, 2000, 8, 32, 1024, 1024, 1024
IP100, Convolution_g, 916, 610, 2000, 2000, 16, 8, 1024, 1024, 1024
IP101, Convolution_g, 980, 1174, 2000, 2000, 16, 16, 1024, 1024, 1024
IP102, Convolution_g, 1108, 2306, 2000, 2000, 16, 32, 1024, 1024, 1024
IP103, Convolution_g, 788, 354, 2000, 2000, 8, 8, 1024, 1024, 2048
IP104, Convolution_g, 852, 662, 2000, 2000, 8, 16, 1024, 1024, 2048
IP105, Convolution_g, 980, 1282, 2000, 2000, 8, 32, 1024, 1024, 2048
IP106, Convolution_g, 1044, 610, 2000, 2000, 16, 8, 1024, 1024, 2048
IP107, Convolution_g, 1108, 1174, 2000, 2000, 16, 16, 1024, 1024, 2048
IP108, Convolution_g, 1236, 2306, 2000, 2000, 16, 32, 1024, 1024, 2048
IP109, Convolution_g, 980, 354, 2000, 2000, 8, 8, 1024, 2048, 1024
IP110, Convolution_g, 1044, 662, 2000, 2000, 8, 16, 1024, 2048, 1024
IP111, Convolution_g, 1172, 1282, 2000, 2000, 8, 32, 1024, 2048, 1024
IP112, Convolution_g, 1172, 610, 2000, 2000, 16, 8, 1024, 2048, 1024
IP113, Convolution_g, 1236, 1174, 2000, 2000, 16, 16, 1024, 2048, 1024
IP114, Convolution_g, 1364, 2306, 2000, 2000, 16, 32, 1024, 2048, 1024
IP115, Convolution_g, 1044, 354, 2000, 2000, 8, 8, 1024, 2048, 2048
IP116, Convolution_g, 1108, 662, 2000, 2000, 8, 16, 1024, 2048, 2048
IP117, Convolution_g, 1236, 1282, 2000, 2000, 8, 32, 1024, 2048, 2048
IP118, Convolution_g, 1300, 610, 2000, 2000, 16, 8, 1024, 2048, 2048
IP119, Convolution_g, 1364, 1174, 2000, 2000, 16, 16, 1024, 2048, 2048
IP120, Convolution_g, 1492, 2306, 2000, 2000, 16, 32, 1024, 2048, 2048
IP121, Convolution_g, 852, 354, 2000, 2000, 8, 8, 2048, 1024, 1024
IP122, Convolution_g, 916, 662, 2000, 2000, 8, 16, 2048, 1024, 1024
IP123, Convolution_g, 1044, 1282, 2000, 2000, 8, 32, 2048, 1024, 1024
IP124, Convolution_g, 1044, 610, 2000, 2000, 16, 8, 2048, 1024, 1024
IP125, Convolution_g, 1108, 1174, 2000, 2000, 16, 16, 2048, 1024, 1024
IP126, Convolution_g, 1236, 2306, 2000, 2000, 16, 32, 2048, 1024, 1024
IP127, Convolution_g, 916, 354, 2000, 2000, 8, 8, 2048, 1024, 2048
IP128, Convolution_g, 980, 662, 2000, 2000, 8, 16, 2048, 1024, 2048
IP129, Convolution_g, 1108, 1282, 2000, 2000, 8, 32, 2048, 1024, 2048
IP130, Convolution_g, 1172, 610, 2000, 2000, 16, 8, 2048, 1024, 2048
IP131, Convolution_g, 1236, 1174, 2000, 2000, 16, 16, 2048, 1024, 2048
IP132, Convolution_g, 1364, 2306, 2000, 2000, 16, 32, 2048, 1024, 2048
IP133, Convolution_g, 1108, 354, 2000, 2000, 8, 8, 2048, 2048, 1024
IP134, Convolution_g, 1172, 662, 2000, 2000, 8, 16, 2048, 2048, 1024
IP135, Convolution_g, 1300, 1282, 2000, 2000, 8, 32, 2048, 2048, 1024
IP136, Convolution_g, 1300, 610, 2000, 2000, 16, 8, 2048, 2048, 1024
IP137, Convolution_g, 1364, 1174, 2000, 2000, 16, 16, 2048, 2048, 1024
IP138, Convolution_g, 1492, 2306, 2000, 2000, 16, 32, 2048, 2048, 1024
IP139, Convolution_g, 1172, 354, 2000, 2000, 8, 8, 2048, 2048, 2048
IP140, Convolution_g, 1236, 662, 2000, 2000, 8, 16, 2048, 2048, 2048
IP141, Convolution_g, 1364, 1282, 2000, 2000, 8, 32, 2048, 2048, 2048
IP142, Convolution_g, 1428, 610, 2000, 2000, 16, 8, 2048, 2048, 2048
IP143, Convolution_g, 1492, 1174, 2000, 2000, 16, 16, 2048, 2048, 2048
IP144, Convolution_g, 1620, 2306, 2000, 2000, 16, 32, 2048, 2048, 2048
IP145, Convolution_g, 1108, 354, 2000, 2000, 8, 8, 4096, 1024, 1024
IP146, Convolution_g, 1172, 662, 2000, 2000, 8, 16, 4096, 1024, 1024
IP147, Convolution_g, 1300, 1282, 2000, 2000, 8, 32, 4096, 1024, 1024
IP148, Convolution_g, 1300, 610, 2000, 2000, 16, 8, 4096, 1024, 1024
IP149, Convolution_g, 1364, 1174, 2000, 2000, 16, 16, 4096, 1024, 1024
IP150, Convolution_g, 1492, 2306, 2000, 2000, 16, 32, 4096, 1024, 1024
IP151, Convolution_g, 1172, 354, 2000, 2000, 8, 8, 4096, 1024, 2048
IP152, Convolution_g, 1236, 662, 2000, 2000, 8, 16, 4096, 1024, 2048
IP153, Convolution_g, 1364, 1282, 2000, 2000, 8, 32, 4096, 1024, 2048
IP154, Convolution_g, 1428, 610, 2000, 2000, 16, 8, 4096, 1024, 2048
IP155, Convolution_g, 1492, 1174, 2000, 2000, 16, 16, 4096, 1024, 2048
IP156, Convolution_g, 1620, 2306, 2000, 2000, 16, 32, 4096, 1024, 2048
IP157, Convolution_g, 1364, 354, 2000, 2000, 8, 8, 4096, 2048, 1024
IP158, Convolution_g, 1428, 662, 2000, 2000, 8, 16, 4096, 2048, 1024
IP159, Convolution_g, 1556, 1282, 2000, 2000, 8, 32, 4096, 2048, 1024
IP160, Convolution_g, 1556, 610, 2000, 2000, 16, 8, 4096, 2048, 1024
IP161, Convolution_g, 1620, 1174, 2000, 2000, 16, 16, 4096, 2048, 1024
IP162, Convolution_g, 1748, 2306, 2000, 2000, 16, 32, 4096, 2048, 1024
IP163, Convolution_g, 1428, 354, 2000, 2000, 8, 8, 4096, 2048, 2048
IP164, Convolution_g, 1492, 662, 2000, 2000, 8, 16, 4096, 2048, 2048
IP165, Convolution_g, 1620, 1282, 2000, 2000, 8, 32, 4096, 2048, 2048
IP166, Convolution_g, 1684, 610, 2000, 2000, 16, 8, 4096, 2048, 2048
IP167, Convolution_g, 1748, 1174, 2000, 2000, 16, 16, 4096, 2048, 2048
IP168, Convolution_g, 1876, 2306, 2000, 2000, 16, 32, 4096, 2048, 2048
IP169, Convolution_g, 1620, 354, 2000, 2000, 8, 8, 8192, 1024, 1024
IP170, Convolution_g, 1684, 662, 2000, 2000, 8, 16, 8192, 1024, 1024
IP171, Convolution_g, 1812, 1282, 2000, 2000, 8, 32, 8192, 1024, 1024
IP172, Convolution_g, 1812, 610, 2000, 2000, 16, 8, 8192, 1024, 1024
IP173, Convolution_g, 1876, 1174, 2000, 2000, 16, 16, 8192, 1024, 1024
IP174, Convolution_g, 2004, 2306, 2000, 2000, 16, 32, 8192, 1024, 1024
IP175, Convolution_g, 1684, 354, 2000, 2000, 8, 8, 8192, 1024, 2048
IP176, Convolution_g, 1748, 662, 2000, 2000, 8, 16, 8192, 1024, 2048
IP177, Convolution_g, 1876, 1282, 2000, 2000, 8, 32, 8192, 1024, 2048
IP178, Convolution_g, 1940, 610, 2000, 2000, 16, 8, 8192, 1024, 2048
IP179, Convolution_g, 2004, 1174, 2000, 2000, 16, 16, 8192, 1024, 2048
IP180, Convolution_g, 2132, 2306, 2000, 2000, 16, 32, 8192, 1024, 2048
IP181, Convolution_g, 1876, 354, 2000, 2000, 8, 8, 8192, 2048, 1024
IP182, Convolution_g, 1940, 662, 2000, 2000, 8, 16, 8192, 2048, 1024
IP183, Convolution_g, 2068, 1282, 2000, 2000, 8, 32, 8192, 2048, 1024
IP184, Convolution_g, 2068, 610, 2000, 2000, 16, 8, 8192, 2048, 1024
IP185, Convolution_g, 2132, 1174, 2000, 2000, 16, 16, 8192, 2048, 1024
IP186, Convolution_g, 2260, 2306, 2000, 2000, 16, 32, 8192, 2048, 1024
IP187, Convolution_g, 1940, 354, 2000, 2000, 8, 8, 8192, 2048, 2048
IP188, Convolution_g, 2004, 662, 2000, 2000, 8, 16, 8192, 2048, 2048
IP189, Convolution_g, 2132, 1282, 2000, 2000, 8, 32, 8192, 2048, 2048
IP190, Convolution_g, 2196, 610, 2000, 2000, 16, 8, 8192, 2048, 2048
IP191, Convolution_g, 2260, 1174, 2000, 2000, 16, 16, 8192, 2048, 2048
IP192, Convolution_g, 2388, 2306, 2000, 2000, 16, 32, 8192, 2048, 2048
IP193, Pooling, 106, 37, 6004, 4872, 1, 7533, 1, 1, 1
IP194, Eltwise, 48, 28, 6004, 4872, 1, 7533, 1, 1, 1
